[page_1]
data=85,51,51,85,85,99,114,114,85,57,62,71,85,99,114,114,85,57,71,85,99,114,128,128,85,57,77,85,99,114,128,128,85,57,85,99,114,128,142,142,85,57,91,99,114,128,142,142,85,57,91,105,119,133,142,142,85,57,91,105,114,125,128,128,5,7,13,20,30,40,50,60,30,40,50,60,70,80,90,100,0,0,0,28,0,4,55,28,50,10,60,0,0,0,0
num_variables=95

[page_0]
data=20,19,19,25,29,44,45,45,21,21,22,23,28,30,50,50,29,33,39,39,40,37,61,65,29,41,47,49,45,45,70,70,30,42,45,50,49,51,72,75,35,40,53,53,52,55,72,76,43,48,53,54,59,58,71,89,62,62,65,73,78,91,102,104,100,40,35,250,150,150,140,135,132,129,126,123,120,100,10,20,30,40,75,30,5,0,200,32,1,15,68,1,1,10,0,75,255,12,7,208,5,10,15,20,28,36,44,52,20,30,40,50,60,75,90,100,89,16,0,0,13,234,26,100,0
num_variables=125

[Firmware]
name=MegaSquirtnEDIS v3.008

[API]
major=1
minor=0
